<svg width="83" height="74" viewBox="0 0 83 74" fill="none" xmlns="http://www.w3.org/2000/svg">
<g clip-path="url(#clip0_149_617)">
<path d="M52.686 15.6504V16.4892C54.9289 17.2804 55.2715 19.1162 55.2715 23.9272V59.614C55.2715 61.5783 56.0395 63.4622 57.4066 64.8511C58.7736 66.2401 60.6277 67.0204 62.5609 67.0204H63.0281V23.9272C63.0281 19.0529 63.3708 17.2487 65.676 16.4417V15.6504H52.686Z" fill="#2C2D65"/>
<path d="M26.2314 26.8871C24.4566 27.5576 22.8233 28.5645 21.4186 29.8544C20.1082 31.0825 19.0497 32.5615 18.3034 34.2064C17.5194 36.048 17.1318 38.0385 17.1667 40.0447C17.2017 42.0508 17.6583 44.0261 18.506 45.8383C19.4068 47.6705 20.7162 49.2636 22.3298 50.4911C25.25 52.6083 28.3276 54.4918 31.5348 56.125C33.2608 57.0287 34.9399 58.0218 36.5657 59.1002C37.8665 59.9294 39.0938 60.8719 40.2338 61.9172C41.0126 62.5982 41.6438 63.4362 42.0874 64.3781C42.4156 65.164 42.5851 66.0089 42.5857 66.8627C42.5932 67.8389 42.3688 68.8024 41.9315 69.6717C41.4726 70.5678 40.8578 71.3721 40.117 72.0456C39.7422 72.3965 39.3325 72.7068 38.8943 72.9714C48.925 73.3275 51.1367 64.9794 47.6945 58.8629C45.6775 55.31 41.0904 52.8729 37.695 50.7364C36.5346 50.0242 36.3166 49.866 35.0705 49.1063L31.605 47.0253L28.9026 45.3794L27.5242 44.5327C26.2889 43.5994 25.2508 42.4235 24.4714 41.0748C23.8425 39.9556 23.5047 38.6919 23.4901 37.4033C23.4905 36.3561 23.7165 35.3217 24.152 34.3727C24.6017 33.3943 25.2461 32.5214 26.0445 31.809C26.9404 31.0401 27.9708 30.4496 29.0818 30.0681C30.3799 29.6176 31.7441 29.3954 33.1158 29.4114C35.5728 29.3736 38.0004 29.9583 40.1793 31.1126C41.1766 31.6351 42.1097 32.2752 42.9595 33.0196C43.7446 33.7021 44.4222 34.5025 44.9688 35.3934C45.573 36.4372 46.0465 37.5536 46.3784 38.7168C46.8323 40.2395 47.186 41.7912 47.4375 43.3616H49.0574V25.8031H47.4375C47.3883 26.6062 47.1185 27.3793 46.6588 28.0345C46.4765 28.2238 46.2562 28.3714 46.0131 28.4669C45.77 28.5625 45.5094 28.6039 45.2491 28.5884C44.7206 28.5472 44.1982 28.4464 43.6916 28.2876L40.9036 27.4569C37.7885 26.531 35.0082 25.7556 32.0879 25.7556C30.0831 25.756 28.0964 26.1399 26.2314 26.8871Z" fill="#2C2D65"/>
<path d="M18.1084 0.09375H0.59375V0.956247C1.21627 1.17046 1.7741 1.54377 2.21361 2.04031C2.93008 2.88697 3.24159 5.77516 3.24159 8.74247V44.4056C3.24159 47.1592 2.96123 50.1898 2.41609 50.989C1.9636 51.6182 1.32511 52.0839 0.59375 52.3184V53.1096H13.2022C12.9471 52.7126 12.7156 52.3004 12.509 51.8753C12.0421 50.9229 11.7016 49.9118 11.4966 48.8684C11.1593 47.4066 11.0127 45.9062 11.0605 44.4056V3.25888C13.1484 2.71129 15.2981 2.44524 17.4542 2.4676C19.4348 2.43689 21.408 2.71988 23.3028 3.30636C24.8454 3.78025 26.2837 4.55125 27.5394 5.57734C28.6217 6.46753 29.4944 7.59218 30.0938 8.86907C31.6124 12.2161 31.3476 16.2993 28.6064 18.8471C33.3413 22.3842 36.4798 20.8887 37.7492 17.312C38.423 15.3281 38.5756 13.1998 38.1917 11.1376C37.808 9.07533 36.9011 7.15058 35.5608 5.55359C34.7614 4.60466 33.8332 3.77607 32.804 3.09271C31.6796 2.36307 30.4608 1.79583 29.1827 1.40728C27.6095 0.938577 25.9992 0.610268 24.3698 0.426088C22.4227 0.204814 20.4649 0.0938629 18.5056 0.09375H18.1162" fill="#2C2D65"/>
<path d="M69.1729 61.4187C69.1713 62.5849 69.5102 63.7255 70.1469 64.696C70.7834 65.6665 71.689 66.4233 72.7491 66.8706C73.809 67.318 74.9759 67.4359 76.1019 67.2093C77.2277 66.9828 78.2623 66.4219 79.0745 65.5979C79.8867 64.7737 80.4401 63.7233 80.6645 62.5796C80.8891 61.4358 80.7746 60.2501 80.3357 59.1725C79.8968 58.0949 79.1532 57.1737 78.1989 56.5256C77.2446 55.8775 76.1225 55.5315 74.9747 55.5315C73.4373 55.5315 71.9627 56.1515 70.8749 57.2554C69.7871 58.3592 69.1749 59.8566 69.1729 61.4187Z" fill="#E26026"/>
</g>
<defs>
<clipPath id="clip0_149_617">
<rect width="82.0312" height="72.9167" fill="white" transform="translate(0.59375 0.09375)"/>
</clipPath>
</defs>
</svg>
